00000000
00000000
00001001
00110011
00000000
00000000
00000100
10110011
00000000
00000000
00000011
00110011
00000000
00000000
00000100
00110011
00000011
11000000
00100100
00000011
00000000
00000000
00000100
10110011
00000000
01000100
10000100
10010011
00000010
10000100
10100011
00010011
00000000
00000011
00001100
01100011
00000011
11000100
10101001
00000011
00000001
00100100
00100011
00110011
11111110
00000011
00000110
11100011
00000000
00001001
00000100
00110011
11111110
01011111
11110000
01101111
00000000
00000000
00000000
01101111
01001101
10101010
01111110
11111101
00100101
01110010
10010010
00011110
00001111
01000000
00001101
10000010
10010001
00110011
11000000
10111000
11111010
00011111
10011111
01001101
01010001
00000011
10101001
11111000
00100010
01001001
00001100
00100101
01010100
01101010
10110010
01000110
00011000
00001011
10011010
10001100
00011011
11001001
11101111
11110111
